34464
72460
07952
21344
54439
51139
94063
94043
73347
45964
86461
56162
08068
59333
08109
96933
91427
54059
02399
25825
13382
05180
75697
95087
64143
05630
17656
87247
37800
05477
72717
68429
15000
94974
74648
75496
62473
88804
16568
58869
78311
02416
87295
92081
61047
07741
34481
94452
57676
90081
89502
02919
52606
61221
86717
43589
02696
40715
79684
03051
57127
67982
25863
79993
65520
59990
39342
66222
38566
64879
81382
73504
18733
46464
56612
95754
69996
59982
42949
10188
12485
41616
16707
93357
10015
70022
44758
90857
44812
74350
68234
87867
73861
21612
26296
93586
92049
71710
27734
08773