22100
21100
22000
21200
22000
21700
21200
21700
21100
22100
21700
21700
21700
21100
21100
22100
21100
21700
21100
21200
22000
21700
21200
22000
22100
21700
21100
22000
21200
21700
22100
21700
21200
21100
21100
21100
21100
21100
21200
21200
21700
22100
22100
22000
22000
22000
22100
22100
21200
22000
21100
22000
21100
21100
21700
21200
21100
22000
21100
21200
22100
21700
21700
22100
22000
21100
21700
22000
21700
22100
22000
22100
21200
21100
22000
22000
21700
21200
21200
22000
22000
22100
22100
22000
22000
21200
21200
21100
21100
21100
21200
21700
22100
21700
21700
21700
21100
21700
21200
21700