87857353
62751612
06483173
57415496
09453335
74674470
08435263
73558691
87867172
79931833
36337102
03329816
57105957
28798829
21157711
07579620
25618347
05162325
69417573
04585125
20466792
97060155
78393121
67118062
64826090
88689143
56954374
87133147
02506288
55298511
94282562
00830971
87867249
49899297
77297813
25819216
74709908
23947297
31715373
65592959
99949649
75279337
24392038
87944744
96745627
66377936
66298698
29218897
18689522
02647248
90989529
82018655
37622297
51755168
03892400
04761696
05173237
37814396
32829518
49599079
67982369
53045269
36209421
11429061
30639954
76629046
51952338
65673994
03400571
11236581
19020525
88661687
64749884
33729775
80133723
88410776
39580451
43146934
59019325
92731483
32356751
48730413
18433942
23564577
77619718
60513955
94876264
94363761
65253398
90033027
79146228
28560694
23375463
93576464
25858927
73220935
49914309
99812589
43889431
43565782